HiKvadrat30 <-
structure(c(50.350596144131629, 3.9995868041159701, 9.998594203113818, 
-0.20927583933347621, -1.0131501579457072, -0.0024046860282730649, 
7.8636309964938906, 0.13729226458274252, 0.079506922285445744, 
0.26596058859178073, 0.39739053740006269, 0.054869624077570976, 
31.359854230415134, 0.13852006671283112, 0.079811174942286484, 
0.26731473696324209, 0.39380608981513038, 0.054553263791730332, 
50.348711999999999, 3.9999537900000006, 9.9985487500000012, -0.209368286658, 
-1.01317325623, -0.0024678983188000008, 7.9549652899999996, 0.1390703455, 
0.080374524699999991, 0.26885386199999994, 0.401970779, 0.055555316799999997, 
31.358078589857108, 0.13826293959264557, 0.079771790623376332, 
0.26722172812206568, 0.39447155871893286, 0.054598447181099873
), dim = c(6L, 6L))
