Varianca50 <-
structure(c(17.664423537154526, 4.0005992273856723, 10.01751593640318, 
-0.20821913614709522, -0.88146362881755935, 0.0067079872562408145, 
50.900124452247859, 0.88887873343494683, 0.51645151222745123, 
1.7162769815640311, 2.5790829187696795, 0.35592421608514524, 
50.08845128651383, 0.85049699103298582, 0.51897204965700938, 
1.6885671293904949, 2.6316430999999998, 0.37233100000000002, 
17.643287753399996, 4.0010381500000003, 10.01734583, -0.20541056042, 
-0.87983753238700013, 0.0064880298874, 51.386477599999999, 0.897745405, 
0.52112651799999998, 1.73253101, 2.60185311, 0.35919408000000003, 
50.077802550558452, 0.8498269247367064, 0.51863898766085437, 
1.6888720975653719, 2.6082576, 0.37359500000000001), dim = c(6L, 
6L))
