Varianca2 <-
structure(c(20.056259387726115, 3.9984620713561787, 9.99995061088865, 
-0.19836104952799954, -1.0059960280610052, 0.00017548838421967779, 
2.0422336210460132, 0.035760663558019545, 0.020676358582125774, 
0.068875639177174694, 0.10380887197223729, 0.014266620338239378, 
2.0584052395922989, 0.035864382058301045, 0.020799578633378991, 
0.070885342655434724, 0.10370475, 0.014179310000000001, 20.0580444, 
3.9984405500000002, 9.9999390199999993, -0.19837728151, -1.0061570439999998, 
0.00020228129131000003, 2.1209227999999998, 0.037120444199999998, 
0.021482388799999998, 0.071543324200000008, 0.10769119819999999, 
0.014793250000000003, 2.0591301578230721, 0.035845317526788233, 
0.020825412774458943, 0.070839497086676903, 0.103385, 0.01399746
), dim = c(6L, 6L))
